2.6107036085
2.60125433081
2.59292189081
2.59765632967
2.59511807456
2.58729680519
2.5852854144
2.59305184211
2.58652147576
2.58870376774
2.58657357082
2.58493029532
2.59204323867
2.5866177753
2.58369880286
2.57892085799
2.57981798936
2.5827409053
2.58338302104
2.58159257
2.58210804654
2.57428033747
2.58001426716
2.57608597782
2.57720810145
2.57999634204
2.57677708858
2.57223864656
2.57718194729
2.57299516129
2.57156826623
2.57845925806
2.57445583451
2.57098926731
2.56630691452
2.57052195551
2.56988843302
2.56637149181
2.57328667593
2.56344214516
2.56775799109
2.55997433435
2.5707286141
2.56498805961
2.56829543749
2.56447295627
2.56158590916
2.56374786188
2.56451405173
2.56489895157
2.57004467866
2.56916601155
2.57162321692
2.56385385391
2.56312821139
2.56290939944
2.56051189157
2.55937025775
2.55914059955
2.55935750235
2.56141335102
2.56120593284
2.56496153046
2.56052395327
2.56177343376
2.55785064032
2.55717663909
2.55753315094
2.55706217541
2.55574743113
2.567061834
2.5661655928
2.55999872193
2.56093334792
2.56008516844
2.56495871436
2.56160673664
2.55459439814
2.55394434689
2.56010485414
2.55518174231
2.55820372776
2.55454814734
2.55485842396
2.55552440972
2.55380715317
2.55008473348
2.54900344772
2.55020832656
2.54866209282
2.55898636789
2.55684891478
2.5529722194
2.56049144867
2.56734994009
2.567385064
2.56322761277
2.55921180554
2.55780897518
2.55438022548
2.55476105093
2.55613467562
2.56393866204
2.55548411458
2.55580940828
2.55376612271
2.55377470069
2.564570766
2.55754442191
2.55970751101
2.5629230513
2.5635943889
2.56501685555
2.5667077258
2.55963778915
2.56116967854
2.5582837741
2.55836090341
2.56589881319
2.55962001259
2.55720097396
2.55424468571
2.55314102424
2.55955603854
2.55358037997
2.55700846353
2.55332968013
2.54840199073
2.56289566372
2.56247538358
2.55978077021
2.55293343834
2.54799103797
2.55529525951
2.55686089561
2.5512254301
2.54776445286
2.55438507981
2.54915874148
2.55729467336
2.55511938387
2.54908952102
2.54981265955
2.55591692966
2.55332495579
2.5587202047
2.5596268794
2.55246483411
2.55357807755
2.55577875082
2.55579110486
2.5526680551
2.54777182646
2.55063486039
2.55738481505
2.55456663256
2.54780196694
2.55257018008
2.56016297796
2.55329665347
2.55157933882
2.56133898029
2.56028481524
2.56128418625
2.54652717425
2.55276127137
2.54431883893
2.5610249372
2.55508303942
2.5598252179
2.54741869979
2.55072691273
2.55625747257
2.54855583571
2.54435343389
2.54979340695
2.54402126918
2.54779051446
2.55143091068
2.54819069346
2.54383012128
2.54649915408
2.55004008751
2.54198252466
2.54899574674
2.53466214247
2.54474402792
2.54446467533
2.55931049406
2.54636907158
2.55310401845
2.55264463527
2.55042850312
2.54659473177
2.54922589974
2.54849012263
2.55535896459
2.54823452534
2.54817648389
2.54778578803
